Actual_Value,Predicted_Value,Prediction_Error
0.048502331844603716,0.049592413,0.0010900811636093272
0.04745293144511847,0.051703855,0.004250923950198611
0.0472575644170436,0.037358392,0.009899172387042916
0.04615446380758229,0.032446124,0.013708340147971544
0.0460844639731235,0.037490766,0.008593697477657265
0.0400169724240087,0.041251544,0.0012345714853025935
0.04291550250069113,0.051858563,0.008943060475430774
0.03656583337522775,0.041265804,0.004699970945346056
0.03518422336300247,0.036525838,0.00134161471406586
0.034552035072444635,0.03547515,0.0009231146782648983
0.03461446288242004,0.034814414,0.00019995075450279787
0.034015774308018616,0.02673901,0.007276763720683983
0.031611675599462236,0.026883218,0.004728457162028993
0.032116404306915265,0.030865125,0.0012512789488105594
0.030598858720264865,0.030106952,0.0004919063063482769
0.030857036411599002,0.02475359,0.006103447228506885
0.012402593762004208,0.014942303,0.0025397095378996617
0.012340918209110997,0.019718954,0.007378036130512454
0.012450798078450504,0.008776118,0.0036746800309150843
0.01285735693261438,0.0045158044,0.008341552582238251
0.012830692906666788,0.0024776293,0.01035306356361905
0.013162982341883529,0.008906055,0.004256927100060332
0.013447626594775325,0.017084403,0.003636776368743771
0.016432239983837575,0.0141544705,0.0022777694581556027
0.017348416692940724,0.017066762,0.0002816548416299941
0.016818800605238753,0.01818582,0.0013670198252784434
0.019142242027628667,0.01656136,0.002580882860529668
0.019211734945334537,0.01570707,0.0035046649374142723
0.019437390220917814,0.016425902,0.003011488197006338
0.01896225866693233,0.013901002,0.005061256893157708
0.019184464869734245,0.013260809,0.00592365609639545
0.01916424003022568,0.015125469,0.004038770725604459
0.020675263427563293,0.014654067,0.0060211960825997425
0.015911225361208044,0.01923176,0.0033205355131825584
0.015040355459863458,0.015890636,0.0008502800901586671
0.01631770724747003,0.016092,0.000225706718299995
0.01439287971883886,0.013611886,0.0007809939998375676
0.014236595117454228,0.008463679,0.005772916235928235
0.016682655780252593,0.015026783,0.0016558731409279277
0.017070450652466537,0.016121358,0.0009490929730994711
0.01786456213216649,0.016306082,0.001558480345414743
0.018836739003614874,0.019377625,0.0005408856124120044
0.018941883168236293,0.020361634,0.0014197508030972111
0.02178942881713611,0.019260598,0.0025288304705451126
0.02176291313720973,0.02138158,0.00038133379770548953
0.020388014568967838,0.02136819,0.0009801760772037323
0.02182795206090983,0.028266948,0.006438995655564703
0.02208011299515356,0.025058694,0.0029785811886728873
0.020098486070834802,0.016178545,0.003919941460096048
0.01986147770428102,0.018964183,0.0008972951188031923
0.01970101195149302,0.024381561,0.004680549253298048
0.019088176900530853,0.025415538,0.006327360978340111
0.02424650662870413,0.024914732,0.0006682255741834037
0.022064699854030798,0.022282662,0.00021796201609115828
0.023585313725303824,0.026053252,0.0024679379733093428
0.023655040425335054,0.024865098,0.0012100578722609237
0.027333349716965917,0.027600482,0.00026713238924288424
0.027236909431051427,0.032246254,0.005009344953466242
0.027354561956668685,0.02706376,0.0002908010502107837
0.027524544426552534,0.024497172,0.0030273725626389983
0.02634732522127202,0.023448527,0.002898798361988572
0.0274841629378464,0.02529876,0.0021854035966064715
0.021258754043859355,0.027727807,0.006469052896815427
0.021291545248062968,0.030020935,0.008729390212862134
0.02123395597015955,0.027507687,0.0062737310173597155
0.024068667839030916,0.024677055,0.0006083871175244504
0.019799752306967785,0.02127665,0.0014768967806996804
0.019717639023088502,0.01838469,0.0013329495579233637
0.019026838142614345,0.02141369,0.0023868513366174897
0.02029701082840232,0.023148622,0.002851611535403451
0.020856832727891586,0.024749247,0.003892414629357674
0.019220722357833904,0.026612628,0.007391905893480259
0.014726643073994882,0.021467721,0.0067410780157258435
0.014424321609746226,0.01834941,0.003925087493647329
0.019144353644471056,0.02079098,0.0016466256216956313
0.02048119862407816,0.022984657,0.0025034588125311084
0.026092750849722613,0.028552312,0.0024595615541946995
0.026769673405965432,0.031196792,0.004427118272701636
0.026869171280412676,0.028930161,0.002060989867897031
0.026453792010012342,0.025723306,0.0007304855478436484
0.02678734028862414,0.02700081,0.00021346879972520064
0.026869589455125093,0.025695978,0.0011736117225859162
0.029440236796232633,0.034159463,0.004719226102737017
0.03243934601999137,0.043651994,0.011212648297778634
0.03056981019471353,0.040481098,0.009911287801521364
0.030632222814309527,0.03949926,0.008867037670862745
0.02686522867965891,0.033753607,0.006888378742454508
0.038923281954033224,0.031575557,0.007347725109560339
0.03893737011835591,0.028775297,0.01016207301304356
0.03950064322277911,0.028502509,0.010998134224861934
0.03940668653222711,0.033947196,0.0054594906744638225
0.039522627077283094,0.044817083,0.005294455506621172
0.03829701629745549,0.044001862,0.005704846109275165
0.03750172185511565,0.035593837,0.0019078843554971164
0.03749182850498793,0.031665355,0.005826473537870622
0.04175351057125694,0.030158015,0.011595495603219333
0.04165796300252975,0.025322998,0.016334965059962882
0.03355146831604427,0.032256234,0.001295233878817019
0.04024336288152901,0.042173278,0.0019299147051695248
0.04006739925856007,0.04813226,0.008064860140138734
0.0396831138722018,0.044884343,0.005201228828041193
0.039915972398648025,0.0333961,0.0065198736358974
0.04357555086902757,0.037116654,0.006458896651784375
0.03864198875483181,0.030442972,0.008199017018639107
0.04273916314123479,0.03649405,0.006245112966283238
0.04162237229875082,0.030129276,0.0114930960827207
0.04092745080159469,0.033397287,0.007530163671238856
0.04058960108803087,0.03129834,0.009291261721118028
0.03551105421609578,0.028269153,0.007241901127764558
0.03866047826124196,0.033477977,0.005182501343021437
0.03905413718384863,0.029915323,0.009138813702884926
0.03872599457586736,0.030049644,0.008676350165257161
0.039791881657170174,0.03831398,0.0014779005115498275
0.03963351640985428,0.04341955,0.0037860346944528916
0.038949734885717166,0.035981145,0.002968590129638446
0.036640454800297956,0.040466215,0.0038257606611945827
0.035853112740056536,0.03915977,0.0033066583149266027
0.03621120865676279,0.04276399,0.006552780761982249
0.03885640974428793,0.038014505,0.0008419046857609386
0.03831431478669199,0.034219667,0.004094647471208898
0.038526032691387116,0.03744692,0.0010791128627337804
0.03858601694274736,0.03802854,0.0005574787156660613
0.03493599672721253,0.033378337,0.001557660148604971
0.03518372181801942,0.04084633,0.005662607364366981
0.031469523079697984,0.04045634,0.008986816637213332
0.030456976497920122,0.038461365,0.008004388307778273
0.030866895790887312,0.031698,0.000831103895115419
0.031473522698455894,0.031502847,2.9323929971611373e-05
0.0209547147944058,0.0351395,0.014184786300412314
0.018538022480523178,0.040190753,0.021652730115139893
0.02865628163234815,0.033888467,0.005232185023859887
0.02920544601726385,0.03575316,0.0065477146978393
0.029430153402318117,0.03787115,0.008440995034943465
0.028961385957200034,0.03256798,0.0036065956733637022
0.031204373921643557,0.03618377,0.004979396824349103
0.03174326759694871,0.030863166,0.0008801017415409965
0.03164659171237733,0.033305578,0.0016589862214109671
0.029516885853643326,0.03582206,0.006305174105529877
0.030202759031129733,0.032566078,0.0023633189760914886
0.03358165984222437,0.025623731,0.007957928527088418
0.029982720406137253,0.030374732,0.0003920114623682247
0.027877705717539444,0.028627913,0.000750207727694855
0.027891131659220983,0.030260839,0.002369706908989619
0.029182611384070002,0.026217911,0.0029646999916196695
0.02189605092729402,0.022401527,0.0005054756430261098
0.02295324098254523,0.023425508,0.00047226730798402214
0.02384791441093297,0.016019894,0.007828020600779962
0.02485646972580147,0.017197292,0.007659177427722933
0.0245399157838638,0.015091188,0.0094487275318916
0.024239126609681035,0.017497411,0.00674171561193266
0.023332716780694283,0.020736309,0.002596408012302674
0.022166407941652935,0.02346988,0.0013034722816212957
0.022149924032619905,0.023242198,0.001092273898192931
0.022245721998298502,0.022252653,6.930795824193481e-06
0.021448419521104132,0.018967934,0.0024804855682957518
0.01876801469670033,0.022604836,0.0038368214543035087
0.01942861603783076,0.026213227,0.006784610802069258
0.020756879712447465,0.026401298,0.005644418408170402
0.021400063387868946,0.023276811,0.0018767480777520489
0.016672245361759448,0.017589787,0.0009175416595198875
0.017616327667593048,0.01569917,0.0019171571377506712
0.017999814492707385,0.016622938,0.0013768762769748102
0.018749097116162617,0.017747117,0.00100197990970834
0.015925272155258328,0.012366821,0.0035584510971638263
0.016969315414274388,0.014561536,0.002407779623711758
0.015979631259178367,0.00848159,0.007498041181897369
0.020024414034961975,0.014761619,0.005262794765114105
0.01876338580593428,0.017985657,0.000777728948443742
0.01799774214410803,0.016225152,0.0017725904264452204
0.019303865716062227,0.020037392,0.0007335264382737489
0.0187705529937693,0.018899616,0.00012906286025558822
0.018716611799348977,0.015567709,0.0031489030388490227
0.018505915634146476,0.011616843,0.006889072812906051
0.017802139934633303,0.020305702,0.0025035625281590937
0.01826091225270774,0.024880795,0.006619882555560806
0.021042551589666836,0.023069296,0.002026744442523487
0.017081939550772723,0.016661875,0.000420064600840625
0.017839962435161057,0.014488811,0.003351151761805001
0.01717481955910788,0.011433719,0.005741100833068946
0.016400725009176154,0.012669696,0.0037310294679135277
0.016081392211947154,0.014953559,0.0011278329474064819
0.016037981164722936,0.02244463,0.0064066488769955465
0.01637504214460173,0.019723633,0.00334859115963659
0.017000769920274,0.0056939796,0.01130679035894511
0.014120293644570727,0.0058471747,0.00827311897029819
0.011732754294348077,0.011805138,7.238332502810564e-05
0.009750275698890247,0.018924242,0.009173966186652623
0.016095037848654927,0.026381101,0.010286063610609828
0.021315018824832225,0.020344503,0.0009705156009361983
0.024490807279372154,0.024471374,1.943305077546642e-05
0.02496057671712218,0.01997246,0.004988116372688395
0.028262751002780962,0.029822208,0.00155945698452754
0.0313739724623776,0.03971368,0.008339708281793541
0.031036537632791864,0.03789963,0.006863090648801459
0.03498637766741584,0.043158535,0.008172157246839305
0.03510667593988929,0.04027413,0.0051674523779436585
0.03542993374070222,0.03459196,0.000837972088661737
0.03097938013023645,0.023696382,0.007282998531525437
0.02123987110984569,0.018798135,0.0024417358888412025
0.021347136934273283,0.017664421,0.0036827155845094127
0.021347275843822913,0.021721551,0.00037427535096411224
0.020304087063664978,0.015582495,0.004721591694647854
0.019990031328715446,0.015892295,0.004097736161865356
0.0199548899584503,0.016592942,0.0033619477802009426
0.012471901541589291,0.01576654,0.00329463900065562
0.012673742123620437,0.013822065,0.0011483226113749283
0.009036121481601891,0.008973142,6.297934943884365e-05
0.011252728232258504,0.019376058,0.008123329899197871
0.01202718162144197,0.033727594,0.021700412098517287
0.10300797742419263,0.075205654,0.027802323518324096
0.10275803342946395,0.09855332,0.0042047111738525295
0.10210623226984682,0.10482777,0.0027215368308192295
0.10005653424548147,0.102386706,0.0023301713318920336
0.09843107986496512,0.10307633,0.004645251452459656
0.09932194224742293,0.09686587,0.0024560721888863962
0.09964389378142234,0.09195801,0.007685885074852669
0.09969470419213768,0.090040006,0.009654698448634105
0.09960313570856846,0.08573324,0.01386989337563313
0.10097567357642753,0.08147972,0.01949595280511482
0.02234902825839164,0.0514028,0.029053771526745535
0.022396099413454988,0.041314695,0.018918595616995833
0.022216569522702952,0.031707637,0.0094910674893019
0.018432713051297213,0.021023244,0.0025905306143979775
0.013246015311967741,0.010987004,0.0022590110467785706
0.013240053279171118,0.012854983,0.0003850701803661677
0.012315422293699575,0.015216933,0.002901510338329482
0.016858785852959152,0.015226121,0.0016326647924089395
0.015950002283320604,0.017751828,0.0018018255527160777
0.01471375027630392,0.017149141,0.0024353907820218474
0.018496016955756915,0.0164765,0.00201951617636658
0.018766030666717424,0.021847341,0.003081310542932616
0.035150421054480144,0.025168637,0.00998178424072034
0.0348796223219986,0.035748363,0.0008687402192001301
0.03612608448520917,0.039191544,0.0030654595707295534
0.03608385280867856,0.036210857,0.0001270045230742159
0.03677627647395162,0.043355748,0.0065794715834138
0.032684626255555786,0.039421488,0.006736861344055496
0.032699023279802474,0.03366113,0.0009621075359419265
0.031170349058487135,0.030174265,0.000996084374167639
0.03212922601061005,0.024424033,0.007705192771126218
0.03356567425870582,0.022637568,0.010928105844494544
0.023401448814517382,0.025304481,0.0019030325726209843
0.022298245133512074,0.01916213,0.003136115522735173
0.02078625384325417,0.0149913225,0.005794931310957988
0.02341415326721385,0.014322458,0.009091695432135609
0.022149672399790203,0.012998633,0.009151039313108837
0.021378544531631755,0.01357805,0.007800494693088817
0.01808268795759177,0.014390404,0.003692283621437309
0.018356547632513785,0.0191339,0.0007773517283813716
0.0208573150151706,0.027586414,0.006729098532226061
0.02150110242078297,0.026173279,0.004672176268601492
0.02414683487501978,0.021127814,0.0030190204480016157
0.024553088900085424,0.015650842,0.008902246561284993
0.02211244153789288,0.0154469665,0.006665475023901524
0.024657508908847735,0.023264028,0.0013934807768859123
0.024236778818163274,0.026022896,0.0017861173524528762
0.023304341187884638,0.024176897,0.0008725562931992323
0.023661325318988263,0.029417476,0.0057561503664889935
0.022554233444274374,0.024233673,0.0016794393236032046
0.020339121712203607,0.023515474,0.0031763523390334995
0.019869065059253087,0.018933248,0.0009358172844136856
0.017643456557194234,0.012642969,0.005000487179855347
0.018648454359108727,0.018396601,0.000251853278214257
0.020539196729296324,0.025259376,0.004720178842908266
0.016717672107970278,0.022080457,0.005362784730041464
0.015520760314326401,0.019410137,0.0038893767727803032
0.017095100103993878,0.019162511,0.0020674113490386156
0.01715564533057359,0.01788564,0.0007299949329838441
0.01822823393885818,0.018597903,0.0003696687912491288
0.019142843229980583,0.016438857,0.0027039865090562054
0.01881929980703395,0.020222077,0.0014027773391385723
0.020379129490712126,0.023549924,0.0031707941825600064
0.022488620652714855,0.02554912,0.003060498685678356
0.019747116981939046,0.026024256,0.0062771389196360425
0.02555981054854574,0.021928478,0.0036313325161951987
0.02583148316697789,0.026330933,0.00049944980783748
0.026297214469667707,0.029021645,0.0027244304951464793
0.026854154063933863,0.031802777,0.004948623137003408
0.02688222722604984,0.027613252,0.0007310251753020885
0.027984234361694612,0.024480265,0.0035039697278006453
0.027416654669845,0.026538469,0.0008781857725023191
0.027962172294517924,0.019172609,0.00878956344213145
0.024746777223821948,0.01946182,0.005284957321759532
0.028425374820860588,0.018058402,0.010366972357066833
0.02026227745990332,0.024630766,0.004368488902048509
0.023096815547732175,0.027216692,0.004119875976058184
0.023006283037460683,0.027207138,0.004200854979359271
0.023769514816656317,0.021870798,0.0018987173166420124
0.022067691464867104,0.023521595,0.0014539032383303757
0.022833334865577648,0.022248536,0.0005847985172347525
0.022638565775077824,0.024201768,0.0015632017440385775
0.02247740462887028,0.022855792,0.000378387565734592
0.02283750627632875,0.023825917,0.000988411116640383
0.01958421475482019,0.02319158,0.003607365794062293
0.025585460876403395,0.016044866,0.009540594582734648
0.02594274523522425,0.025788844,0.00015390160347986473
0.025662852922306696,0.02451314,0.0011497126015288031
0.026222304360022264,0.023215739,0.003006565303554254
0.024397669907269395,0.034336913,0.00993924346977719
0.024359002501224254,0.031515747,0.007156744807506825
0.033991305889989554,0.032962605,0.0010287005328194487
0.03461801662205203,0.040426955,0.005808938004985019
0.03504483660055362,0.04433942,0.009294581810701266
0.038009510294757326,0.056215633,0.018206122412123243
0.038358377670766525,0.046623234,0.008264856034992524
0.038772255875674594,0.040334437,0.0015621811668001528
0.03874898947051048,0.037805177,0.0009438121991443629
0.0400534121118583,0.040941816,0.0008884037114582771
0.04164671448689634,0.043345463,0.001698748043955027
0.04146479580429073,0.039792426,0.0016723698737906995
0.03677366804919262,0.0369918,0.00021813306369762586
0.03638399765568447,0.036810186,0.00042618810457515505
0.03598627591303958,0.03834284,0.002356565056522951
0.032790969414111186,0.031216452,0.0015745175158939848
0.028015150142413493,0.031163573,0.0031484231226621903
0.028034421558441866,0.030519556,0.0024851346957066173
0.028817218491915996,0.030418124,0.0016009055579859661
0.028073317162527835,0.0259634,0.0021099176032684207
0.02247331869311337,0.02382675,0.0013534313022374664
0.021081954723525885,0.025812699,0.004730743804644701
0.017695918985481597,0.021097785,0.003401865876440667
0.017040979920025436,0.022577459,0.005536479072575005
0.017540436630383984,0.013694153,0.0038462834630766073
0.015398534382127177,0.013549126,0.001849408628784072
0.011886528753449931,0.02122791,0.009341380498597607
0.012394101928156915,0.01821209,0.0058179873868998856
0.0150749672453222,0.015862513,0.0007875460882368363
0.017468726732489344,0.0192554,0.0017866729714901483
0.017235349019349464,0.01888185,0.0016465009252420587
0.021196086747989663,0.019769022,0.0014270645067548833
0.021250405840589355,0.015411504,0.005838902227594207
0.02130708939731671,0.01971403,0.001593059891467824
0.02308848105338994,0.026369778,0.003281297386012641
0.024034854312047608,0.017426515,0.006608339313969262
0.023354445428530733,0.012345427,0.011009018712620298
0.022997454869128447,0.011732672,0.01126478252796052
0.022038347932745207,0.011095793,0.010942554946292628
0.019921250980076313,0.023669083,0.0037478316913275717
0.02120933655796332,0.02744868,0.006239343693873457
0.022739101206787977,0.03229378,0.00955468043135747
0.02657802415653649,0.034197517,0.007619492582831948
0.026640929847029364,0.027158355,0.0005174254933322311
0.02890151490530556,0.023633381,0.005268133553476984
0.028516512901616723,0.024138099,0.004378414318991334
0.02882989602588097,0.02160519,0.007224706136211553
0.028583232614495076,0.022907346,0.005675886127449788
0.02869371279458201,0.022256954,0.006436759152809741
0.0271824403147688,0.006714993,0.02046744715827609
0.027212097292278435,0.020076463,0.007135634293292191
0.023879038628927846,0.025154682,0.0012756432473739199
0.01967097783452079,0.02377631,0.004105331730188875
0.022900843329802564,0.021960206,0.000940636999980024
0.018783236293799844,0.017012276,0.0017709605383944178
0.018774906719065166,0.027290469,0.008515562316441082
0.01845770537723136,0.029458974,0.011001268179525615
0.017619525512791164,0.016275438,0.0013440879640345647
0.018241526080175874,0.014007091,0.004234435489281652
0.018212417235025445,0.017129399,0.0010830183526363765
0.03229695528125508,0.02625015,0.006046805226561855
0.033797089013376684,0.032496486,0.0013006031542210292
0.03450241934221101,0.026296696,0.008205723647883655
0.032280119979411805,0.026329383,0.005950736725360596
0.03290892986659321,0.035146147,0.002237217146117361
0.04129325802173289,0.048604403,0.007311144669392977
0.0413795285881839,0.05862457,0.017245040738455272
0.0469698196396582,0.056948964,0.009979143913055197
0.050306766388305786,0.053296328,0.0029895612026365967
0.0512984586969078,0.05258513,0.0012866699978649199
0.044790424351590634,0.039221663,0.005568761323588849
0.04661558024184123,0.040831577,0.005784003209036742
0.04917142576133414,0.051065244,0.0018938180192788062
0.04914103611853623,0.05027316,0.0011321252629468495
0.048247639043883433,0.0446988,0.0035488381522456314
0.0324340290565552,0.02992715,0.002506879641539027
0.03265185550824853,0.023252951,0.009398904526989181
0.033479213195494115,0.030593257,0.002885955798080861
0.031256896925169184,0.033916052,0.002659155505698965
0.03130120640446769,0.030675659,0.0006255474482976045
0.03141120061348389,0.028649697,0.002761503533229334
0.022010596780511628,0.02515095,0.0031403523549110787
0.021455632233669402,0.02326891,0.0018132778912285548
0.019829880766312244,0.016645031,0.003184849716464641
0.02041574146445584,0.013897695,0.006518046817143675
0.021040664324320838,0.015636586,0.005404078671492622
0.019588163660828013,0.013913504,0.0056746598128117505
0.01754063423562129,0.016716324,0.0008243104426868715
0.017562994687452614,0.017775094,0.0002120994491431119
0.017179821837811346,0.018927332,0.0017475101760340978
0.017019220538980202,0.016957646,6.157430315657103e-05
0.015935372314659503,0.020519584,0.004584212102683637
0.015546070438181509,0.017484821,0.001938750941003214
0.01647456834337204,0.012581628,0.0038929405274102033
0.016365564631219014,0.01219467,0.004170894825751885
0.018338399743205017,0.011378011,0.006960389008289283
0.018717864244823513,0.0120976465,0.0066202177625346754
0.01698638072448653,0.017525835,0.0005394542382391107
0.01884884525917875,0.017022265,0.0018265801378379992
0.01896608232709415,0.017836811,0.0011292713061238045
0.0189653075619073,0.01545613,0.0035091777651043016
0.0187846371073301,0.009114017,0.00967062032856299
0.020667569424463295,0.011999662,0.008667907390249752
0.018358936349206732,0.016785849,0.0015730874634321199
0.018578252167440933,0.015555524,0.0030227279001846727
0.019277518731762526,0.016534802,0.002742717159201262
0.019095060758056417,0.01603653,0.0030585316640756276
0.01894650474648619,0.006658975,0.012287529711534028
0.024006685332967726,0.016348759,0.007657926620556799
0.024440744591489486,0.023535725,0.0009050198621899409
0.024024265647360026,0.020787599,0.0032366670821391934
0.025441455331077507,0.012655901,0.012785554539790085
0.023721430855992615,0.006376152,0.017345278929177105
0.023733169869202923,0.01521128,0.008521889433879208
0.02393143335695686,0.01943119,0.004500242791728396
0.02734813932793694,0.028629491,0.0012813517777387588
0.027069493564518127,0.03566771,0.008598216441718903
0.026718440797037044,0.035067894,0.008349452767664037
0.025506223762306643,0.02675841,0.0012521862742572304
0.02707428262586535,0.037228446,0.010154163827944387
0.02567640354237707,0.03629694,0.010620537797592564
0.041761514004109275,0.038124014,0.0036375003119686958
0.0465434457852958,0.04372092,0.0028225261464236567
0.04654815815645071,0.044321567,0.0022265913363060594
0.04793232016321088,0.043636605,0.004295715019663825
0.04230555760837419,0.040676374,0.001629183619984223
0.041422477219378695,0.04448084,0.0030583643874766975
0.04292221240897311,0.041553594,0.0013686182369722216
0.03991141315027622,0.034818906,0.00509250681325344
0.03617535318494862,0.027918544,0.008256809518347438
0.038618927144338136,0.02977157,0.008847357028056627
0.0312711131254536,0.027279187,0.0039919261316162455
0.027538088302666273,0.020389583,0.0071485053408685585
0.027524863750671074,0.019541,0.00798386466596
0.02632816412342164,0.025615193,0.0007129711736497575
0.026406831623877944,0.0213033,0.005103531809415283
0.028038858609152766,0.02450851,0.0035303488242158614
0.027257582546295397,0.025021875,0.0022357072691337986
0.028899292099599676,0.027884137,0.001015155214195089
0.028799452818861124,0.025890114,0.0029093390329982018
0.02243835896748061,0.022770263,0.00033190428716187506
0.02273646076450931,0.021069204,0.0016672563297568457
0.023440970841403994,0.022800026,0.0006409443799219455
0.023761404696278944,0.022018591,0.0017428137542537595
0.02215413161153023,0.018464755,0.003689376344625399
0.021808049204047913,0.017555008,0.004253041492995019
0.018439063395246074,0.015906759,0.0025323047888122056
0.018049793618393782,0.01503368,0.003016113604081515
0.017033174729049784,0.013882391,0.003150783574283701
0.01763787088727684,0.017242577,0.00039529396033019873
0.016533923947634362,0.02195275,0.0054188262136558064
0.026875997530158447,0.022237971,0.0046380261051019896
0.02639992123548628,0.018905705,0.0074942163944685565
0.02647824404141919,0.022072356,0.004405887847161453
0.027428301476241108,0.028597312,0.0011690105718364756
0.03414726488242489,0.033940177,0.00020708747158389856
0.033048039102976094,0.033853024,0.0008049851413323775
0.0331146506981428,0.028496481,0.004618169219928539
0.03191731674631363,0.025350582,0.006566734891731797
0.03256879848807094,0.028207619,0.004361179744889712
0.0386118017060302,0.03220758,0.006404223285391163
0.03226912092161549,0.034569383,0.0023002617459260133
0.03192476254920574,0.034421373,0.002496610609487575
0.03184041687848223,0.030383836,0.001456580400487309
0.032697616505704116,0.027786635,0.004910981643281173
0.02589157595674112,0.020761495,0.00513008050064161
0.026103731484849766,0.017148802,0.008954929427941159
0.026313243843300145,0.020393232,0.005920011959655087
0.02741241288342856,0.028339474,0.0009270606472215788
0.02776635691103825,0.038414788,0.010648430590058475
0.019121625427144757,0.028925719,0.009804093312484035
0.019569428578161796,0.021619016,0.0020495877264503637
0.020799819177773748,0.019019088,0.0017807314012320379
0.021501444582350638,0.016456882,0.0050445630443171526
0.03633608790768348,0.029733554,0.0066025343788977744
0.03553089441505801,0.040252913,0.004722018374525197
0.03551697931902909,0.039501578,0.003984598296708823
0.036590185569867074,0.03940491,0.0028147244879160524
0.037277642712884675,0.03152281,0.005754832253747712
0.03718296735730295,0.0229716,0.01421136706318979
0.03639718564322701,0.031303525,0.005093660672218711
0.03730124984495515,0.05431156,0.01701030875928527
0.10862816606993156,0.108886555,0.0002583887672953089
0.11154664464004127,0.13367017,0.02212352149479302
0.11032023298512854,0.12072763,0.010407395484338625
0.10935239363577633,0.11179279,0.002440394273731425
0.11010341153614223,0.10189505,0.008208362321779128
0.1101636316477039,0.09327567,0.016887957960245864
0.11044429679982577,0.09462188,0.015822414957212552
0.10991902097066134,0.0984243,0.011494720419246846
0.11059219389941764,0.0911781,0.019414097068572764
0.11076944506609608,0.08066524,0.030104206864477887
0.020412240213976113,0.042861436,0.022449195348396095
0.018540387790710766,0.028518414,0.009978026334135692
0.02229637610927709,0.021208916,0.0010874602498162599
0.021170789610463876,0.011694961,0.00947582838298728
0.021274298777066547,0.014175864,0.007098434840523082
0.020311668035240166,0.017208064,0.003103604060263627
0.021834673677991502,0.026653606,0.004818932766605742
0.027922166462016198,0.033993643,0.006071476315188316
0.02654670495666081,0.037944913,0.011398207953800615
0.02835381655808332,0.03786222,0.009508402358332849
0.027805782483848816,0.03538123,0.007575448973146194
0.027208201643294204,0.03004056,0.0028323586469231957
0.03414835370531487,0.024359943,0.009788410360125774
0.034058977933100476,0.026515363,0.007543615148834004
0.034075447574247825,0.025384245,0.00869120213388394
0.0346457334850448,0.03334837,0.0012973631415980694
0.032458806441447344,0.034852616,0.0023938100474862195
0.027383584406931803,0.026998771,0.00038481305237571956
0.02688133529134391,0.024579935,0.002301400515514595
0.0285576368897272,0.025158485,0.003399151492030704
0.03081799464740133,0.026369387,0.0044486073634800866
0.030506036684277687,0.02155222,0.008953816697362098
0.022817223468625997,0.017677568,0.005139655569398854
0.025846035710134597,0.019760074,0.006085961616196723
0.02597016838131939,0.019752609,0.006217559769139635
0.025337488502565095,0.01606261,0.009274878651204774
0.028940297761018616,0.019650005,0.009290292956884248
0.026539153552610415,0.019076768,0.00746238524373247
0.025879696174360825,0.020399693,0.005480002774693085
0.026750925307083458,0.024781035,0.001969890047717422
0.02876085757425807,0.03239354,0.0036326836127898894
0.028111669263092325,0.039475176,0.011363507220300391
0.03155713350869735,0.039560076,0.008002942340597313
0.028452618859020933,0.03064407,0.002191451498063341
0.02923684243602502,0.02878688,0.0004499615405296059
0.030552570143880353,0.029682739,0.0008698314374108174
0.04082763191250268,0.03448401,0.0063436217227310285
0.04014242557765115,0.039484657,0.0006577682304488505
0.0420653059727944,0.041792095,0.0002732112653053842
0.04020773585948388,0.037571933,0.002635802738994761
0.03893103187740641,0.04014409,0.0012130577319781274
0.038607302944650104,0.038056385,0.0005509181725878026
0.0381607773061036,0.027908694,0.010252083307051553
0.038332550954829125,0.026883725,0.011448825877915292
0.038298538240814355,0.025130149,0.01316838926377311
0.043358441675516585,0.03955373,0.003804709995600203
0.02719260982988597,0.040863164,0.01367055393935918
0.027637602885470344,0.034135703,0.006498100111975717
0.027261860717844918,0.03381421,0.006552349726843879
0.02688427436879515,0.0367667,0.009882426077810532
0.028253492518653892,0.036615007,0.008361514106998421
0.028750497407692848,0.034384836,0.005634338103753151
0.029005560481310914,0.032859992,0.003854431754588057
0.029919689725105218,0.030796865,0.0008771752762156207
0.029800791171227844,0.032971963,0.003171172115171997
0.022743652604363774,0.021307798,0.0014358545018657194
0.02249489983734178,0.014110192,0.008384708112147327
0.022520269849870697,0.016101478,0.006418792182181374
0.022580168964480275,0.016273033,0.006307136090611332
0.019247750815929877,0.022391897,0.0031441458789687286
0.018244126229530637,0.018750368,0.0005062414566218212
0.016953678106119613,0.015831467,0.0011222113419079582
0.016733972698972362,0.01277168,0.003962292679176468
0.013613585657262275,0.014847248,0.0012336622040634657
0.01433148463863038,0.016265653,0.0019341684351573095
0.013469396606144567,0.01887728,0.005407884269895892
0.015180576391877676,0.01905559,0.0038750136416535134
0.015054701630409874,0.011086599,0.003968102660413898
0.01450363075894943,0.016748572,0.002244941009453624
0.013912416868625621,0.009127385,0.004785031885622482
0.015773977838909388,0.016901929,0.0011279510925652977
0.015746351363548548,0.01638906,0.0006427094019562894
0.01569690587009018,0.009674064,0.006022841986368353
0.015258064345607536,0.011384524,0.0038735399406049417
0.014551696571383632,0.009523441,0.005028255487654365
0.015324910659816584,0.013593336,0.0017315750238564818
0.014774583819322156,0.014811393,3.680905420346339e-05
0.015406632373908933,0.016138852,0.0007322192686997093
0.020315406034639147,0.024174875,0.0038594686138126583
0.020328617270677765,0.025334511,0.005005893681556503
0.017737870690835187,0.022226492,0.00448862125216656
0.016179490561363318,0.012380467,0.0037990237649055507
0.016403752467752854,0.013510031,0.0028937217734469577
0.017529849788158244,0.01684944,0.0006804101969888864
0.017796657989910546,0.022389429,0.004592770700165328
0.016871481155082507,0.020363817,0.003492335836365896
0.01623201108390345,0.020349473,0.004117461677250724
0.015847925589956315,0.02280734,0.0069594136163816135
0.016685135890108425,0.01848396,0.0017988232482849774
0.017436098444253013,0.022913255,0.005477156353205635
0.017691796065284694,0.022967037,0.00527524074821285
0.018870867713732253,0.02552335,0.006652481929021348
0.01920144475065159,0.028331574,0.00913012930192066
0.01919383380185484,0.029400608,0.010206773769150981
0.027091950965090025,0.028227525,0.0011355738668010346
0.027032978760076733,0.027102435,6.945624761465e-05
0.030270904928122212,0.027101185,0.003169719755325963
0.030051026060202202,0.030866945,0.0008159191022133021
0.024880917143724254,0.026263803,0.0013828860999128313
0.023052893681607203,0.018391892,0.004661001367649988
0.02111696301317499,0.021628315,0.0005113516160221293
0.023000928366584572,0.025430733,0.002429804971413818
0.023953685231606524,0.032165065,0.008211380176146466
0.02393321086900732,0.026210852,0.0022776410983274264
0.019745391996076386,0.022034392,0.0022889997647497252
0.019735298495227704,0.021875741,0.0021404424650126597
0.015574567894937783,0.02215027,0.006575702745912284
0.019926530244010157,0.022350091,0.0024235612431591086
0.018705874120766266,0.020020368,0.0013144934569057388
0.018668793555195556,0.01827644,0.00039235357552312375
0.020376756633993458,0.022958025,0.002581268702272106
0.017680681977601944,0.019169308,0.0014886262675800933
0.016907183327353966,0.018114522,0.001207338772140968
0.01715033530693718,0.018293453,0.0011431180735283278
0.017086896639668864,0.012456145,0.004630751502120417
0.017749375899734462,0.012536704,0.005212672290804351
0.018373656214568695,0.016477767,0.0018958888364768826
0.014560385314655302,0.020594504,0.006034118415880205
0.01700842630202372,0.024465388,0.00745696138506334
0.02098863751895307,0.024970505,0.003981867867637889
0.02006529751366001,0.020953136,0.0008878380512632768
0.019980360705806433,0.02065838,0.0006780187148316512
0.02017498837675418,0.016522866,0.003652122634309189
0.020983074206567188,0.014171997,0.006811077121353527
0.01972917579472276,0.015653439,0.004075736928584303
0.022127333276515074,0.018519374,0.0036079596658993435
0.022056444301463994,0.01626139,0.0057950548224228945
0.022945590871392096,0.023367008,0.0004214173229352587
0.020760266957550014,0.023384197,0.0026239297262144433
0.022288537007531917,0.025322543,0.0030340064496185426
0.025891865044973032,0.022109745,0.003782119974634783
0.026226495260530565,0.02255735,0.0036691453849612213
0.026358567010751215,0.027282046,0.0009234791433902108
0.02579749319656901,0.026498927,0.0007014336069006491
0.02763905258237063,0.032667436,0.005028383123291142
0.025760964667586476,0.023351641,0.0024093232957402774
0.025980596511060498,0.019253213,0.006727383552486203
0.024086776496821585,0.017299583,0.006787193315082731
0.03217618863040625,0.017852116,0.014324072254244674
0.031068798504908946,0.015926324,0.015142474673827556
0.02953700923403204,0.025519757,0.004017252633771305
0.029107286206537533,0.03058342,0.001476134561842632
0.028213918827931624,0.03290108,0.004687159634669084
0.02841788013876905,0.026371991,0.0020458888769291847
0.026215792245235625,0.022956142,0.0032596500432159337
0.02694458055834579,0.024867285,0.002077295515344614
0.03664984317101944,0.031184923,0.005464920267243274
0.03681850634143435,0.033066966,0.00375154070184313
0.027339311933850585,0.03614286,0.008803547674084367
0.03261537529187085,0.040283334,0.007667958218289597
0.032437042414431426,0.033333533,0.0008964900977565318
0.0324489039385665,0.026656406,0.005792497938309965
0.03259901892700839,0.027774334,0.004824684973150965
0.0326061217635364,0.03414752,0.0015413978547363788
0.029313263069467542,0.023674065,0.005639197822289464
0.02914951691997499,0.025315993,0.003833524385814375
0.023349411201441593,0.019713463,0.0036359479397180747
0.029300914870883262,0.025125425,0.004175489561940467
0.02864506584636506,0.030911911,0.0022668454325980303
0.025603358799485543,0.02822476,0.0026214018670040577
0.026517060251124526,0.031719733,0.005202672778479432
0.02621223486070831,0.0357856,0.009573365682313845
0.025928608166585848,0.032779615,0.006851007205833509
0.02494462744673513,0.01764152,0.007303107319081053
0.02569634875309567,0.014127731,0.011568617429853482
0.024605284788986447,0.018198352,0.006406932481905225
0.024676805378796494,0.031233126,0.006556320918796623
0.03921027800123486,0.043849416,0.004639138075902133
0.03869991958386433,0.038919985,0.00022006571047770984
0.03713872448131443,0.03218064,0.004958083634823571
0.037061054319821395,0.034437105,0.0026239492601976763
0.03613219684693316,0.039266247,0.0031340504553606166
0.03438989717222799,0.031905368,0.0024845292017613776
0.03531451064506915,0.029956656,0.005357855068244009
0.0374351882382826,0.034730535,0.0027046532377199353
0.03690408931775135,0.0323077,0.004596389995050847
0.03665954545049194,0.029692486,0.006967059521956476
0.018837626592004744,0.01650579,0.0023318357176427516
0.021841419906246336,0.022941422,0.0011000018111589835
0.021782034693414637,0.026902337,0.005120301933830312
0.018372571583515712,0.023810292,0.005437720079296521
0.0184487645216147,0.022389354,0.003940589662655206
0.018374883946221894,0.023713715,0.005338831428247863
0.023092099122258458,0.027041314,0.0039492150475060606
0.028782243044737553,0.025763849,0.0030183942482506984
0.028287584316805357,0.027444793,0.0008427914053950256
0.02894687107353266,0.023102062,0.005844809250522217
0.02849472067289814,0.026793912,0.0017008086197899258
0.027533751940494303,0.025671743,0.0018620090839917697
0.028591846056403362,0.021292241,0.007299604766191684
0.028774725641314093,0.020007413,0.00876731276065499
0.027790510651171663,0.018325226,0.009465284269750573
0.02910693475336182,0.026666056,0.0024408783885871144
0.025041653790989927,0.022261146,0.0027805073349867378
0.01795290032286325,0.019419592,0.0014666915510209502
0.018526419860481813,0.017166788,0.0013596321020122315
0.019305833536761866,0.017267874,0.00203796002604352
0.019311733889512225,0.020164657,0.0008529234946449554
0.0219486903085796,0.019610206,0.002338484643348848
0.0205421998377189,0.019909047,0.0006331532473906817
0.019890957059211515,0.029779656,0.009888698799662806
0.020774807218761654,0.024518581,0.0037437738884971428
0.01835995839347434,0.015386219,0.002973739257057427
0.018221322209031148,0.02092067,0.0026993474509410427
0.018203413404140566,0.031283062,0.013079648547258283
0.08759196432970442,0.06635463,0.021237331952079913
0.08754604697831796,0.079346955,0.008199092155777674
0.0876548466353667,0.08278733,0.004867519166971465
0.08558302898163603,0.08599289,0.00040985863452150384
0.08525304843329158,0.08245327,0.0027997751965400247
0.08404720307135742,0.079581834,0.004465368695499114
0.08439854637877965,0.077767484,0.006631062488723041
0.08454732074521666,0.07116573,0.013381587705837542
0.08367242967605824,0.06635751,0.01731492137432332
0.08294355693490263,0.05874809,0.024195468157837352
0.02398196286070077,0.03526038,0.011278416453721837
0.0205882256298959,0.03239754,0.011809312793642307
0.020813003211374578,0.027820874,0.007007870794181529
0.025692746812864518,0.025782008,8.926091118218946e-05
0.025285207562086565,0.02599046,0.0007052525059008767
0.023634509287818455,0.027044881,0.0034103718474068415
0.030484093084525515,0.033601213,0.0031171201620584232
0.02972661061048386,0.038880583,0.009153972288371351
0.03169383974862855,0.035121668,0.0034278283815308286
0.03188838416152904,0.033398733,0.0015103483814625993
0.02987444118704684,0.03766793,0.007793488939143344
0.031188670205655397,0.0384483,0.007259630006966292
0.03194721160687167,0.04079271,0.008845499472248969
0.029858750053946632,0.03360744,0.0037486881527260367
0.031076728419874154,0.034202144,0.0031254151300449742
0.03128509621076114,0.033896357,0.0026112606102990377
0.03194320261320566,0.03806981,0.006126608105092302
0.03538607739520246,0.045420796,0.010034718283889944
0.03578009899346208,0.04819255,0.012412450503427035
0.039173065600830136,0.03931353,0.00014046308593172047
0.03919822109266873,0.039423488,0.00022526698783282423
0.03970969352345903,0.03637811,0.0033315818331762087
0.03932988249793096,0.033662736,0.00566714608206792
0.03968633357233747,0.037412442,0.0022738913053964027
0.037681521144443626,0.038351864,0.000670342478221779
0.038733073203361786,0.043699373,0.004966299356424057
0.032243183879771896,0.03639434,0.004151155175051026
0.028790402679222123,0.02547188,0.0033185235098772206
0.02843003866203567,0.020686489,0.007743550063450542
0.024961002122453887,0.021657825,0.0033031776061575
0.02629454691078151,0.019639999,0.006654548236388811
0.024247405238210586,0.023874804,0.00037260086065473916
0.023726480734660778,0.029343542,0.0056170609769080546
0.02334655239555647,0.031881407,0.008534854507710438
0.02852567938382999,0.03024701,0.0017213309067927209
0.02696918350294629,0.026645696,0.00032348771229782913
0.028215081959936914,0.029383993,0.001168910816337767
0.026500208556652943,0.02970218,0.003201970577239116
0.029469322955994543,0.029196234,0.00027308853605264097
0.02861303168236289,0.029297907,0.000684875223049785
0.028085243938961158,0.02715119,0.0009340541944886545
0.025955825275523786,0.020651678,0.005304147652132635
0.02483453246253879,0.01612958,0.00870495306748302
0.027088221222800895,0.016480032,0.010608188868207618
0.024924740887819995,0.013932788,0.010991953074573745
0.024745852990111828,0.0168448,0.007901053248009205
0.022500393088398386,0.015882775,0.006617617900906016
0.02389420389618588,0.020572176,0.003322027693054206
0.018774209013396007,0.019462306,0.0006880970390503588
0.015978863475554946,0.020860722,0.004881858812934396
0.015014880249705596,0.019001108,0.0039862274132105874
0.01809303625124217,0.01401428,0.0040787558500719155
0.018079536247105,0.015123898,0.0029556380836671566
0.0203000468868161,0.02242044,0.002120392982349322
0.020318348301921956,0.025488377,0.0051700283155096845
0.02065267672666199,0.025624687,0.004972010125435522
0.019929148804726713,0.023976468,0.00404731874507416
0.020521394716756677,0.014123243,0.006398151437001561
0.020383795334049166,0.012967597,0.007416198572166861
0.01978375087980723,0.009356476,0.010427274513287302
0.019631563171850424,0.00550964,0.014121923081682902
0.016550667512786357,0.018355295,0.001804627549278768
0.016880096892884295,0.020064572,0.003184474979469259
0.012874795509523907,0.015550591,0.0026757955420546146
0.01400757455760092,0.016546536,0.0025389616794004987
0.011979842351226792,0.012062503,8.266067370893068e-05
0.012610219922753718,0.013837559,0.001227339225915525
0.009391891846617257,0.009175905,0.00021598682012179994
0.00975882955078097,0.0072343266,0.00252450298700543
0.01286566160296522,0.005943919,0.006921742536625489
0.013120508990865212,0.010200153,0.002920355885904294
0.013587847395964265,0.013682441,9.459345864474764e-05
0.013053075414640757,0.0133897355,0.0003366600679923573
0.013318237495312102,0.0129027525,0.0004154849990099744
0.01243015302242562,0.014221224,0.0017910709801144918
0.018433095851642448,0.018501112,6.801638593022241e-05
0.01774975759794151,0.0153874,0.0023623575444999857
0.016362922082822685,0.01625185,0.00011107120959079689
0.01660313849361553,0.021979524,0.005376385329049684
0.01612620571205223,0.026285293,0.010159086868671532
0.01620176717461676,0.02348422,0.007282453553661399
0.01876059399039961,0.018243186,0.0005174078145763969
0.019088640061968427,0.020183982,0.0010953422656120246
0.019616278115419283,0.01786908,0.001747198629883661
0.019835265556515543,0.018722955,0.001112310419024317
0.017151445561309313,0.01692227,0.00022917468215987585
0.017765693250604675,0.017921839,0.00015614565878291353
0.018320382738394096,0.021738552,0.003418168818669961
0.022488165439933303,0.024169855,0.0016816893798413252
0.028539582598452296,0.032794964,0.004255380969996725
0.026888590354776046,0.037059072,0.010170482050323823
0.027399618458017548,0.032263946,0.004864327330127517
0.02514692114237143,0.02588242,0.0007354980563800198
0.02574503352507854,0.023688264,0.002056769333927875
0.024045210912501332,0.021561343,0.0024838676896448107
0.02492044116534287,0.024813704,0.00010673697270447216
0.025056676055896593,0.030543903,0.005487226832997488
0.0232033051041409,0.032281965,0.009078659913177824
0.023155294852523715,0.03149393,0.008338633430929273
0.015942506071879473,0.016498532,0.0005560260743359656
0.013841229031391393,0.008995853,0.004845375666923772
0.013358831889975577,0.0061531877,0.007205644175458461
0.013728064722595124,0.008466174,0.005261890827891736
0.014622640169166614,0.015029021,0.00040638043830485207
0.015700472424962305,0.014757779,0.0009426929980895747
0.016031809903090017,0.012482645,0.0035491649130034615
0.014161198159989022,0.01417665,1.5451812807418253e-05
0.01255339361061181,0.013744662,0.0011912679738846875
0.014272563335869164,0.012550249,0.0017223145714138459
0.013377261676433423,0.01445961,0.0010823483089181397
0.01412184702406415,0.014232862,0.00011101478536835671
0.013586084131416591,0.0151719265,0.0015858423371941724
0.01338276853752619,0.016271735,0.0028889660726737383
0.013262785502776915,0.01572306,0.0024602753137494982
0.021110194525492443,0.0281204,0.007010205858576046
0.024260464599941453,0.028149236,0.0038887713936822804
0.026271685923197136,0.025166925,0.0011047608803294758
0.02579984816990336,0.021466313,0.0043335352399154516
0.024451281020190837,0.017350318,0.007100963109877231
0.024458065653165738,0.018035155,0.006422910863479535
0.02439591607041962,0.022715691,0.0016802245933593037
0.02642851732781823,0.023283761,0.0031447563331454542
0.026371160664878636,0.018527212,0.007843949043474942
0.026129730128784685,0.017169781,0.008959949099560289
0.018549113625097348,0.013432716,0.00511639760564573
0.01668918279909253,0.01339022,0.0032989630287206147
0.012252511373089983,0.008254605,0.003997906027661993
0.013127122571375188,0.013300068,0.00017294517377394736
0.013313830127443754,0.020558778,0.0072449480691295035
0.012152988980824826,0.017996771,0.005843782280271175
0.010613310553008822,0.011462419,0.0008491087408120362
0.012009591359123476,0.009921377,0.002088214765712507
0.012608319429316006,0.012658079,4.975972547344165e-05
0.016052465695490948,0.015184755,0.0008677102584148562
0.016151122182188723,0.017204683,0.0010535610918419626
0.015366312911805702,0.015352045,1.4267725941730439e-05
0.015770610760258232,0.01579758,2.6968900753463615e-05
0.014423389598198763,0.014707903,0.0002845137795130098
0.01580391909277645,0.015593564,0.00021035495496002019
0.016672794611880235,0.017546583,0.0008737883551626878
0.016578695378411376,0.016213274,0.0003654217488652106
0.016191039119845606,0.020991083,0.004800044114702962
0.01861148074993072,0.024115698,0.005504217662130016
0.016132344987920197,0.019384727,0.003252381894060699
0.017445875387580523,0.014501977,0.0029438986069871276
0.017338336270965718,0.015558509,0.0017798271148578154
0.01708334001689433,0.01513447,0.001948870410912025
0.016907702937155697,0.013637303,0.003270399562447998
0.015989726787411656,0.015553379,0.0004363473560447355
0.01659265742222761,0.016653413,6.07555307915314e-05
0.019930437200196015,0.019657016,0.00027342139971994056
0.018796768055146712,0.016670622,0.002126146123593825
0.013978075840641355,0.010764244,0.0032138318281067363
0.014230601161984574,0.014242061,1.1460251839984226e-05
0.014210039561859808,0.016636977,0.0024269374103625205
0.0146234106633467,0.01568946,0.0010660498973327354
0.016914199605915052,0.017029867,0.00011566697027971112
0.01784593761707872,0.016627148,0.0012187898233088842
0.015908368251180062,0.018840102,0.002931734227681747
0.01623722313231768,0.019017609,0.002780385703975541
0.014179351009257282,0.016096564,0.00191721300052837
0.01627866111283238,0.017909357,0.0016306962114102132
0.016348811405785466,0.019355293,0.003006481957547283
0.01663745240906308,0.01736179,0.0007243375327246407
0.017254733780644085,0.016582996,0.0006717381274916195
0.016713460473426596,0.01303479,0.0036786706504309333
0.0161043006342615,0.015139532,0.0009647683587635861
0.015210392426797633,0.014196602,0.0010137907304852058
0.013512883127132782,0.011134195,0.0023786879856385074
0.019848209647478608,0.01705483,0.002793379900993851
0.01982343261516208,0.023382988,0.0035595552119005273
0.022676875745592733,0.027709752,0.005032876575650554
0.02248319857271994,0.02578614,0.003302940498267761
0.023316006159956056,0.022481574,0.0008344324143477258
0.023472791965649303,0.021300519,0.0021722730803944434
0.02290135861105738,0.025317138,0.0024157794498700126
0.022840139278658897,0.027618976,0.0047788370312366185
0.023097973741931312,0.031296656,0.008198681793766625
0.02543766625372939,0.03686285,0.011425183935479595
0.031332589121905265,0.031653255,0.00032066610232264064
0.031428644964569465,0.030695131,0.0007335139160093221
0.027892182074920804,0.021971028,0.0059211537767812315
0.02765047157274966,0.0233047,0.00434577072130923
0.02710865203326178,0.023737393,0.003371258713654998
0.027162916171422666,0.021721337,0.005441579180827803
0.027112488484256486,0.022063866,0.005048622226588945
0.026905754617066003,0.02323998,0.0036657750966259013
0.0282505466940348,0.025415868,0.002834679126972422
0.027714311412638366,0.022253118,0.005461192957228363
0.022424415406993834,0.024054606,0.0016301901068172774
0.022000944129891505,0.02517841,0.0031774659829663134
0.022191591974034714,0.027947307,0.005755714658960891
0.021829262244360617,0.026123965,0.004294702914697954
0.021913747778640975,0.022995597,0.0010818489729297262
0.02160834802725589,0.020850437,0.000757911265280603
0.02300745257997663,0.023295114,0.0002876612368807076
0.022352707917035766,0.018583927,0.0037687806134831386
0.021109922086690127,0.016547268,0.00456265383014506
0.013668285842838883,0.014642288,0.0009740021342009315
0.011112909361182739,0.017463122,0.006350212202013443
0.011401187019575576,0.01322794,0.001826752586137315
0.011585260226875295,0.0060906936,0.005494566585421313
0.011328896019756438,0.011055703,0.00027319274485075595
0.011492313077954133,0.013407509,0.0019151957646929424
0.01310720715231103,0.009996136,0.003111071433190527
0.011997875618609894,0.008722826,0.0032750497114391215
0.012073792834770928,0.009502795,0.002570998241198311
0.017576406240127143,0.019059308,0.0014829016331219108
0.016534740866238077,0.0182599,0.001725158824509184
0.015705688419991995,0.015927397,0.00022170829469535247
0.015928341644229925,0.012453072,0.0034752698711777094
0.017549698884998015,0.019307522,0.0017578232181924072
0.016891845638000738,0.02077022,0.00387837444797777
0.01681689897583035,0.020427585,0.0036106856723019734
0.014264595875676793,0.017935768,0.0036711718941367447
0.016609106834677794,0.0144536635,0.0021554433439651514
0.017216050790968336,0.014122753,0.0030932973868874683
0.014274353651839851,0.004671141,0.009603212612259744
0.014628465186672804,0.008635331,0.005993134241419432
0.01531254295298119,0.010166637,0.005145906284835534
0.01691297261866361,0.014477722,0.0024352502718809274
0.014318065568462376,0.01507559,0.0007575248930301627
0.013310554716283025,0.0114787165,0.0018318382087289704
0.011969917603254804,0.010369555,0.0016003625099067775
0.01313100008590841,0.015074433,0.0019434327416238822
0.012270666867890589,0.011941574,0.00032909328530096246
0.011718985731665622,0.0042237868,0.007495198971544038
0.009790464682115814,0.0053578615,0.004432603163255951
0.00987228210604799,0.0064542443,0.003418037850028397
0.009561752943278792,0.007778252,0.001783500933976414
0.007785974013589875,0.007431122,0.00035485200487877545
0.0072872771134257245,0.006199549,0.0010877281611442495
0.007119815045816894,0.009288726,0.002168911328690056
0.008345493235655203,0.0058345217,0.0025109715098813913
0.007585288750942982,0.004754135,0.0028311538314485917
0.007435478666984719,0.0036891436,0.0037463350931194244
0.009886298375042714,0.008762344,0.0011239545883858573
0.009904300249664858,0.008916992,0.0009873084868479518
0.009989865384666886,0.0069435216,0.003046343829153742
0.009935116257513628,0.00603373,0.0039013860300134273
0.009669433062652874,0.008181997,0.0014874364191096306
0.00977106011864995,0.00759165,0.002179410228703967
0.00984150066531074,0.007161764,0.0026797367029525038
0.00917571638195412,0.008929181,0.00024653546928064644
0.009514439794724132,0.010097074,0.0005826345276783457
0.011384186914554962,0.01261791,0.0012337233662687453
0.011623537137935225,0.01477676,0.003153222643008168
0.013079579737150286,0.022398474,0.009318893957770254
0.015125039159261834,0.016831223,0.001706183762348044
0.015004608860962285,0.0140052205,0.0009993883657978906
0.015638410494237625,0.0106153,0.005023110107093536
0.015640391362209186,0.008763772,0.00687661892672287
0.015625820739102972,0.008334587,0.007291233410967005
0.01569870473882871,0.010950438,0.0047482669918866675
0.015259958482510027,0.013858718,0.0014012406162680954
0.01414426144858856,0.014154303,1.0041439029981336e-05
0.011939211695181277,0.012386395,0.00044718296946391796
0.009017336556857644,0.011751903,0.0027345666641535177
0.007978115373432508,0.010977981,0.0029998653073312134
0.008281195008026623,0.011876069,0.003594874001277424
0.0076408699275101605,0.011794041,0.004153170983389479
0.011225922310416477,0.013974552,0.00274862973236583
0.011329023373908119,0.0079187015,0.0034103218667569917
0.011128625793514627,0.0028529176,0.008275708144662755
0.012437853182694825,0.0059609916,0.00647686157657853
0.012308075893975022,0.009279804,0.0030282715897328883
0.012662859248557964,0.010435602,0.0022272575521859322
0.014622682410316971,0.01275548,0.0018672027467065127
0.014573585599358788,0.018457124,0.0038835384103696434
0.015896084159803377,0.01695899,0.0010629050431728501
0.02059788333096571,0.014036249,0.006561633961582852
0.018280681835673582,0.014483992,0.0037966898253185867
0.01831651717747817,0.01703323,0.0012832866641438942
0.01858795092311884,0.017856143,0.0007318075081446281
0.019074143156937652,0.01723395,0.0018401940023222499
0.01881404083909847,0.019027526,0.00021348471996925772
0.018308131134566363,0.021170158,0.0028620268046292696
0.017054483033465868,0.02013541,0.0030809270965580886
0.017959923794328488,0.018630393,0.0006704690551168555
0.014674001912946492,0.014549694,0.00012430788892009784
0.010927681798241492,0.01359518,0.002667497856416349
0.012412039809619359,0.012595024,0.0001829841502557477
0.01622554491228827,0.016905803,0.0006802583210968154
0.016025546546210453,0.014900308,0.001125238443841145
0.015539951445833452,0.012482036,0.0030579155407106946
0.016030337375148897,0.016039044,8.706289783354249e-06
0.01562161435481033,0.014021628,0.001599986749848934
0.01652664572583283,0.012716589,0.0038100571616157403
0.01388225461293869,0.010029213,0.0038530420412581437
0.014177587396425757,0.013321971,0.0008556168069668146
0.01419004172828348,0.015032969,0.0008429276869043548
0.01378748215399141,0.013444078,0.0003434039991294831
0.010737561936196228,0.011383418,0.000645856057587723
0.012188938780208826,0.01895721,0.006768271924475431
0.011879055332667721,0.018638913,0.0067598572556902044
0.018061849850622026,0.018867554,0.0008057042924491491
0.01730629747085219,0.018867327,0.0015610294295107796
0.01698658409070935,0.018368728,0.0013821443681720294
0.01750486325689444,0.0142271025,0.0032777607462633543
0.017742120647557307,0.015731938,0.002010182464249659
0.01789089820560714,0.016799845,0.0010910534041812074
0.01789497068040624,0.019507535,0.00161256412155375
0.01770784803599359,0.017595045,0.0001128027674579743
0.01622462065906813,0.016467094,0.0002424737623185902
0.0160716389117644,0.017926514,0.001854875236947759
0.007662474684124511,0.017481247,0.009818772279018837
0.00936782199877744,0.0171397,0.0077718773112868764
0.012640619512048215,0.018319165,0.0056785458220572765
0.013026629439657334,0.017130354,0.00410372497969329
0.020676200249171536,0.02080304,0.00012683964433642114
0.02060327546506714,0.017220067,0.0033832086047489544
0.020830079913637882,0.020264689,0.0005653910343864019
0.021250031395792072,0.022328625,0.0010785931060323072
0.03508234297335398,0.028504778,0.006577565273645045
0.03536691033445804,0.03089967,0.004467240359415696
0.03574733023007614,0.030573122,0.005174208026726072
0.035778605166607594,0.03380377,0.0019748367106253856
0.03498708118106935,0.033988267,0.0009988139977655172
0.035099356054095115,0.03556058,0.00046122577902904527
0.029260015251529825,0.025250794,0.004009220885527742
0.028846435348281064,0.022647066,0.006199369306453862
0.028752521246228825,0.020150324,0.008602196916494977
0.028789113089832122,0.015283525,0.013505588099750335
0.017418565055486286,0.011055856,0.006362709043678368
0.014152545609113202,0.014422149,0.0002696037883196025
0.014005295701387548,0.012940729,0.0010645666644603247
0.01556397887007811,0.015695076,0.00013109756572625766
0.016625474294200387,0.019029189,0.002403714606985602
0.017251937308607104,0.016696827,0.0005551098224496863
0.022313313968103727,0.026086364,0.0037730499733273186
0.02209907187794727,0.02967354,0.007574467224130216
0.019621167922709525,0.02878478,0.009163611909057557
0.021968753008247147,0.025574958,0.0036062049436561966
0.021584030256405325,0.02417733,0.002593299358353167
0.022108448260613176,0.023079038,0.0009705894057076246
0.02446480925369195,0.025409546,0.0009447364957339381
0.02399886611062782,0.02635664,0.002357773229892085
0.023327730004154598,0.020751111,0.0025766187947620506
0.02294569058933562,0.022398528,0.0005471628777057522
0.01760913123697143,0.02065114,0.003042008081971595
0.01603551079225156,0.015054855,0.000980656227882834
0.01536472966712248,0.011668895,0.0036958342958642205
0.01316780658520149,0.015654756,0.002486949171057474
0.013213822917048451,0.017360546,0.004146722777779582
0.022514667476979555,0.020051287,0.0024633799898303166
0.020063859110092258,0.019484935,0.0005789237817278858
0.02046199903410401,0.02456631,0.004104310492458681
0.020691711164399613,0.025630556,0.0049388448825631245
0.020636641948666382,0.026684126,0.006047483936701011
0.020763329764695006,0.01976524,0.0009980905557583145
0.020644368212266492,0.01681892,0.0038254480618672843
0.020598998526738563,0.017247831,0.0033511670778259423
0.021313024245039856,0.016536336,0.004776687852875626
0.02108966467043369,0.019228172,0.0018614931132456547
0.010884466156969698,0.013791732,0.0029072654017704407
0.010812447923530318,0.01708532,0.0062728714614022005
0.014572871061184612,0.014647394,7.452335753181834e-05
0.01510899462895586,0.018747468,0.0036384729186992454
0.016000830551540796,0.014591086,0.001409744827008192
0.017264943821918177,0.0151654845,0.002099459311556029
0.016808439056163502,0.018374298,0.0015658587117140764
0.01424875446482399,0.020524522,0.00627576782480976
0.029206056877718902,0.02522624,0.003979817762719131
0.029267361408528973,0.029679986,0.00041262430840999925
0.036162965142731374,0.043117464,0.006954498445983226
0.03734260822587376,0.042789247,0.005446638661094856
0.04058244534758742,0.033509113,0.007073332453052354
0.04012761297834078,0.026114568,0.014013044864060083
0.04012024675716917,0.032914937,0.0072053102146581866
0.04037579802036102,0.037811417,0.0025643808877449797
0.04008079969543569,0.03918432,0.0008964789773856854
0.039061576524001114,0.041355938,0.002294361195343979
0.03469957052312779,0.037381586,0.0026820151642711204
0.04700539204378434,0.050596595,0.0035912027667015026
0.04432310385736181,0.048420247,0.004097142833149894
0.04321136735090813,0.04417385,0.000962484258321912
0.03647799818121287,0.03869612,0.0022181232432237005
0.03585470331687815,0.042868588,0.007013884802867104
0.03565855915870365,0.03759075,0.0019321904030830048
0.03577597112084305,0.040846128,0.005070156895867234
0.03905057434319194,0.041430276,0.0023797015440589625
0.03974560156561392,0.03892458,0.0008210229883338777
0.040606196643995354,0.03687683,0.0037293654402962423
0.022295871530391843,0.024300119,0.0020042473778942513
0.02381245607028095,0.02686869,0.003056233734988291
0.02303459885561532,0.02641317,0.003378571765183743
0.021134350012514718,0.027830698,0.0066963475835584325
0.02109745910325086,0.022439685,0.001342225615596413
0.02083781594490634,0.019026102,0.001811713446732626
0.01769242453371797,0.012646147,0.005046277483754497
0.014933202496585782,0.018144522,0.0032113193656826654
0.01647218318062889,0.02692592,0.01045373639685047
0.017385534148411153,0.022749837,0.005364303339524867
0.019506734393750485,0.02395266,0.004445924825752918
0.016243421277135812,0.01937267,0.0031292487027941122
0.01852381310225946,0.020899825,0.002376011695847686
0.019210885770056994,0.017025415,0.002185470915768893
0.02000768405016789,0.018342694,0.0016649897825373114
0.02226432730312882,0.018767254,0.003497072876053435
0.02412435105218412,0.018984571,0.005139779952902809
0.024239936522311167,0.02051919,0.003720746985739664
0.022602680860668616,0.018448249,0.00415443235507627
0.02489488816386376,0.021396637,0.003498251200973135
0.023396385186459052,0.020982487,0.002413898059274184
0.0239630237476127,0.020836273,0.0031267505393521647
0.025698406772936954,0.025943242,0.0002448352405174832
0.02420000380900572,0.028989132,0.0047891286847286385
0.022608809132829324,0.022689058,8.024838124214007e-05
0.022129797532832774,0.021448344,0.0006814535405994977
0.02174913010235708,0.020202424,0.001546705725154092
0.02213570808019105,0.019922653,0.0022130548670477
0.023808768939898015,0.017940266,0.005868502882049084
0.01897930560864468,0.020740649,0.0017613431229446357
0.0186480286519546,0.018911801,0.00026377262663655754
0.017537064229837206,0.015353754,0.0021833100670488152
0.011609420887571902,0.010256268,0.001353152803522677
0.010193944322529354,0.011241628,0.0010476835345596888
0.014929169426985441,0.016828584,0.0018994141264479774
0.014617844832603503,0.017260503,0.0026426581912593356
0.01909826869796734,0.021061635,0.0019633659468986514
0.019081562589333922,0.02215187,0.0030703080636993348
0.018474410389739498,0.021705046,0.003230635906380192
0.01832230293692328,0.020071618,0.0017493153220298138
0.0191571578506631,0.022005238,0.002848079788287248
0.023949599325682698,0.02238177,0.0015678298324604614
0.0238887467849526,0.021034291,0.002854455770877319
0.024039813420374246,0.02418129,0.00014147617797151055
0.021824203894097203,0.028318316,0.0064941118503028215
0.02195502012654186,0.027983954,0.0060289340497648655
0.020441815108501016,0.022243343,0.0018015281851658238
0.020502221405071127,0.019832771,0.0006694501336039181
0.019946346744653155,0.0216023,0.0016559541823898058
0.022774373699890094,0.02873201,0.005957635532154126
0.02107112150707234,0.030256962,0.009185840896582712
0.017715074138059915,0.029130489,0.011415414496049582
0.017737911096582938,0.027294945,0.009557033875216912
0.019430952282160255,0.024203235,0.004772283001333741
0.019219882701775628,0.027540298,0.008320415477016372
0.021596875087261512,0.029017705,0.007420830383062051
0.025964904513936203,0.022715673,0.0032492316633273774
0.026634985489709797,0.019037288,0.007597697807414951
0.026526051389067263,0.022127945,0.004398106412975878
0.025277721455308603,0.027983883,0.002706161940482451
0.029235802562636665,0.032721307,0.0034855045660311668
0.03152496555737419,0.032799914,0.0012749489218814858
0.0355388379201201,0.03696008,0.0014212423458787385
0.03810641682496087,0.035140805,0.0029656118785382907
0.03671106771903862,0.027229793,0.00948127434926857
0.03927646738035558,0.027913742,0.01136272561294912
0.041217851288749795,0.037555963,0.0036618884877701804
0.055485084893110354,0.056135453,0.0006503683906764202
0.05652904906609317,0.057507787,0.0009787378337118985
0.055762175240459254,0.05518754,0.000574636974277308
0.05489200682662092,0.05355667,0.001335337323170524
0.052650115492224245,0.04862989,0.004020224364876299
0.04797194002526622,0.044514272,0.0034576676632724276
0.05351369143189217,0.054726988,0.0012132966452715263
0.053075235282569515,0.05811602,0.005040783489555729
0.04591451140667337,0.054088622,0.008174110924945896
0.04967773292583262,0.0486502,0.0010275315157774606
0.04095617898778355,0.041395135,0.00043895623608195683
0.03920700541004468,0.04162646,0.002419455440194118
0.03874819153336973,0.046634108,0.007885916294770527
0.04211781787140542,0.04717542,0.005057600714133442
0.04337372588461657,0.041723218,0.001650508069455818
0.04174035457318073,0.04927471,0.007534354502508583
0.034069355182115915,0.022600874,0.011468480877344492
0.03836965211812393,0.0038612913,0.03450836078409092
0.03968939617005024,0.005295967,0.03439342895251546
0.03730101321715305,0.0037912459,0.0335097673524488
0.030046140851734123,0.0018299578,0.028216183029396377
0.02872050113058192,-0.0026122786,0.0313327796944837
0.025634862944108834,0.013560743,0.012074119872969975
0.02861748651167869,0.03230741,0.0036899222383785305
0.02865205679676744,0.021668889,0.00698316816828462
0.02979522703864061,0.018208027,0.01158720015265428
0.03521801849863359,0.04813577,0.012917750123526368
0.13109473639622587,0.096421584,0.03467315190926451
0.13103164759545743,0.11732555,0.013706095787577033
0.13344427954012378,0.124062106,0.009382173526825743
0.13589380183768315,0.1103941,0.025499703973055315
0.1345768832101344,0.11923438,0.015342500103902701
0.1341878400383526,0.10875105,0.025436788910441988
0.136791667995843,0.08313469,0.05365697955885798
0.1399194187949577,0.080842584,0.05907683442339093
0.139730626597901,0.06007001,0.07966061483313622
0.13468432741613187,0.066360965,0.06832336204499997
0.07978726726209696,0.06892043,0.010866833740826212
0.08359471926273451,0.0574585,0.026136217953578095
0.08659634306315055,0.049360584,0.03723575859550109
0.08006442006182697,0.05314464,0.02691977884125736
0.08274933022811697,0.0593339,0.023415428375747657
0.08209415711071286,0.06487109,0.017223069440386624
0.08071099902751976,0.07812574,0.0025852614200406604
0.08649248559186494,0.09203999,0.005547501853012685
0.08249550222930613,0.089950815,0.0074553126138716674
0.07712425573464889,0.07202075,0.0051035089671279815
0.07181484685446189,0.041192435,0.030622412126316292
0.06179121453338215,0.0635343,0.0017430825156634147
0.06396389651505988,0.06799742,0.0040335218289609676
0.06892530213791338,0.077889845,0.008964542637286507
0.06636117450211913,0.06856978,0.002208604893937996
0.06651608520756482,0.060304686,0.006211398780448421
0.06216928084317316,0.06395229,0.0017830086785210267
0.053747182257823635,0.06282096,0.009073781303711247
0.06243673433961212,0.05905887,0.0033778632193976546
0.0627337713979313,0.06437976,0.0016459877349307844
0.060925219356950035,0.064935565,0.004010345637861977
0.06235294749989516,0.056915086,0.005437861737155977
0.056524260373737825,0.043540087,0.012984173776533617
0.04309295651423412,0.04033925,0.0027537063966937628
0.04228308903752686,0.043093782,0.0008106928807604177
0.03839521794569546,0.035367906,0.0030273118520980496
0.03427072116135358,0.029404078,0.004866643482434742
0.033404166614978165,0.028489772,0.004914394384591431
0.04636178578859639,0.039258346,0.007103439827025652
0.046523637154849154,0.038315043,0.008208594301493746
0.0463785284724514,0.03707742,0.009301109012631606
0.04717618365801066,0.03566675,0.011509434776670636
0.04760377520414868,0.05136637,0.0037625949671598394
0.053510357558603984,0.06870143,0.015191073596600789
0.05347758081076037,0.08263695,0.029159371589447147
0.058158498231330964,0.06991541,0.011756908174594786
0.06301444942207965,0.059304044,0.003710405771452513
0.06192638555475489,0.062849656,0.0009232701926587469
0.05908897066817659,0.06220779,0.0031188175608120594
0.05681263109867391,0.07169132,0.014878688247754006
0.0598022572804113,0.07913012,0.019327863295016706
0.06702511760090833,0.07926627,0.012241154884347863
0.06330611045528564,0.06158237,0.0017237388627639738
0.05297159646136837,0.04344817,0.00952342767698841
0.05116060792541892,0.03872181,0.012438796899084156
0.05977778870200629,0.061246242,0.0014684536721754557
0.05688987023662999,0.0775372,0.0206473311083369
0.06626891708805945,0.065160416,0.0011085010214128693
0.061499028276042936,0.054502897,0.0069961313114929174
0.059960547210861456,0.050250664,0.00970988285749079
0.06222652920654322,0.045155738,0.01707079165747668
0.061533798792607765,0.04829667,0.01323712743187664
0.06027495288751866,0.05587075,0.0044042038311793985
0.060670148500256954,0.058228843,0.0024413055861524924
0.06376364218831541,0.066684246,0.0029206038749170077
0.05481706460998018,0.057071384,0.0022543194325212665
0.048540174419305734,0.0513944,0.0028542248362084105
0.0413281335438235,0.045632754,0.004304619977380492
0.04430273601162139,0.033727482,0.010575254050371082
0.045097595920504954,0.032570116,0.0125274796986002
0.046636541827194705,0.02894492,0.01769162107872249
0.04497276935666303,0.025501017,0.019471752829248706
0.04470872615348277,0.03409372,0.010615007177700378
0.04547834379586356,0.036441248,0.009037095885602406
0.03818825216064075,0.03771179,0.0004764604664764735
0.03758694861331613,0.036019612,0.0015673365096154912
0.035762028269026386,0.032235786,0.003526241950247394
0.049598016730281844,0.04525373,0.004344285419914259
0.04391057503924977,0.04986432,0.0059537431825577095
0.044314424894332745,0.048819274,0.00450484881591811
0.037623121761416474,0.042044736,0.00442161468353363
0.03830670535376623,0.04146578,0.0031590762753193127
0.040818065164975256,0.041435,0.0006169343903740937
0.04018026800230485,0.03751461,0.0026656596489284604
0.04010304188230931,0.032979153,0.007123888785633435
0.03996763302415791,0.033648446,0.00631918682187977
0.03990041064206607,0.037135426,0.002764984687008927
0.03245507560252601,0.03209206,0.00036301470875197556
0.032852608213039196,0.035693634,0.0028410260883848307
0.03286775255381701,0.035508625,0.0026408726555144993
0.03269602917753904,0.037212893,0.004516864189274619
0.03230439277300728,0.043095265,0.010790871810818788
0.027900122615936242,0.039025735,0.011125612494108237
0.03026780714758315,0.03175487,0.0014870628201158996
0.032893662044924964,0.030655073,0.002238589042944182
0.03089972520318538,0.031031838,0.00013211248371094303
0.030452178735072548,0.03038862,6.355898433440393e-05
0.03081672805979819,0.03011581,0.0007009187681970078
0.03078686519190941,0.025117226,0.0056696392469135284
0.03197630736977797,0.023259414,0.00871689300985079
0.0330052756944982,0.026418725,0.006586550665864131
0.03307537151371402,0.021484187,0.011591184640874094
0.031811003398467194,0.024281858,0.00752914586322416
0.028602437534997315,0.032055292,0.0034528547435308983
0.03651175811980569,0.04073396,0.004222201406017902
0.036728223763726926,0.03939001,0.002661785132862353
0.03552997444712387,0.035644703,0.00011472816622985771
0.03338444886322933,0.03411276,0.0007283100712685009
0.03492108319812249,0.031738967,0.0031821164947075722
0.03258567468781936,0.030411104,0.002174570947484848
0.03265979423870545,0.027952097,0.004707696882386023
0.0324024756021341,0.03180757,0.000594903952582708
0.0322819972334595,0.030556839,0.0017251582740040114
0.031372031647455834,0.028111067,0.003260964978230141
0.0194779492155429,0.020610064,0.0011321150525692818
0.022070377288202155,0.015210468,0.006859908966163505
0.02246776104322963,0.016482703,0.005985057655492357
0.02000825213282771,0.014006201,0.006002050954992247
0.01730840715910703,0.016072629,0.0012357781394889966
0.01748682384608472,0.016334232,0.001152591903192647
0.017361636878859464,0.02438901,0.0070273730438833795
0.014978711286481107,0.019558586,0.004579874893729007
0.018868692431715395,0.019712333,0.0008436402044025397
0.020660218934318273,0.025402091,0.004741872509220393
0.019690017455921267,0.026201416,0.006511398351087477
0.02013631118770994,0.028295407,0.008159095883999695
0.01954617206614994,0.019012948,0.0005332235680200956
0.020188353984903054,0.016492117,0.0036962367885815667
0.019369966416413142,0.020781737,0.0014117704045230606
0.036778227597756244,0.031607952,0.005170275628847934
0.03616906129801308,0.030304627,0.0058644338049892095
0.035388739429741065,0.035771187,0.00038244796511634205
0.044033996301351803,0.035674483,0.00835951371735217
0.046173045624280123,0.039102342,0.007070703644538073
0.05243262838508057,0.053177856,0.0007452275237901304
0.05298279748682498,0.052329816,0.0006529815626573482
0.05111251629434467,0.05896513,0.007852615346089595
0.05318696509903997,0.060960248,0.0077732830136385545
0.05325647231785369,0.06485889,0.011602418752035382
0.04997417610860087,0.05587446,0.0059002833368756585
0.053538183827220344,0.050748065,0.0027901187131990426
0.05362390386408692,0.05375831,0.0001344044273483211
0.0468874801981132,0.055010747,0.008123266966374637
0.04633272903352422,0.04760451,0.0012717796644623816
0.03773288142690121,0.038658828,0.0009259461163574553
0.04382665377911191,0.043970313,0.00014365914408107083
0.04358356894491604,0.042252917,0.0013306521022169865
0.045533131930396535,0.0487562,0.0032230688898110607
0.045371792643682435,0.048129883,0.0027580900198059533
0.04435694648663232,0.05053081,0.006173863422472982
0.042988895077961546,0.044684745,0.0016958502933801592
0.04271393962574703,0.034863904,0.007850035507209127
0.04060144846493795,0.03689521,0.0037062366789062245
0.040943771817098996,0.042998623,0.0020548512858043697
0.03470559042713677,0.037821755,0.003116164386057503
0.03252867790604488,0.029309206,0.003219472195156968
0.03250902164950919,0.02441848,0.008090540955215213
0.023625757085989164,0.027129976,0.003504218992878748
0.022559296067999748,0.024449052,0.0018897562211285558
0.022290451301749253,0.023248956,0.0009585043056649922
0.02292257423220383,0.026731974,0.003809399281757008
0.022923523344783484,0.029233586,0.006310062698335946
0.04112409765038292,0.03649358,0.004630516862008972
0.040830939863372606,0.038005006,0.0028259342951066913
0.04647053476381558,0.04820634,0.0017358057577584393
0.04419618175432944,0.046955395,0.0027592137356016663
0.04794762447224396,0.047058698,0.000888926682336505
0.0480590380479994,0.044356927,0.0037021107723417476
0.04826849802870043,0.04583048,0.002438017274324973
0.048331979650061224,0.041986804,0.006345175194542502
0.04914617588248372,0.0415781,0.007568076750899551
0.04943961469196799,0.04431858,0.005121035554642703
0.03747166407326338,0.038720023,0.0012483588137281176
0.03742078935430746,0.036518913,0.0009018765919039731
0.030769774249604243,0.024833703,0.005936070835998553
0.030612591809315887,0.023305045,0.007307546368522849
0.025380588674889445,0.021630866,0.0037497222218378784
0.027233127421475788,0.019340059,0.0078930686328186
0.0270807000678931,0.017871592,0.009209107874051166
0.02593721516681162,0.02114131,0.004795905875687276
0.026113365447515583,0.02467716,0.0014362061828318597
0.023231532929290408,0.020059772,0.003171761093486422
0.023316804414479912,0.022407642,0.0009091627801348576
0.022567192017783295,0.023714254,0.0011470616611345893
0.019718074019796406,0.026712053,0.006993978504293407
0.030432954526557067,0.033169713,0.002736758344756028
0.03264731618337463,0.032794103,0.0001467868430154451
0.03136569700306389,0.031100534,0.0002651631004187763
0.02985966390087726,0.030200655,0.0003409907399165406
0.031839338459808374,0.028919743,0.002919595085818315
0.030812575953998726,0.023402072,0.007410503464737098
0.030735895547599208,0.026262019,0.0044738767180150865
0.029540130655725052,0.02338149,0.006158640395362427
0.033439935110705095,0.028135601,0.005304333679573732
0.035533362288096046,0.034190774,0.0013425883241678233
0.026454188526653953,0.029536614,0.003082425667858414
0.02412919864738791,0.025561929,0.001432730101696561
0.02414505358903093,0.024550553,0.00040549982221441475
0.0263975913082386,0.026683912,0.0002863203729366326
0.024488237033135317,0.02473633,0.00024809288000402635
0.03215175671855056,0.028598724,0.0035530327854498625
0.03236173702323924,0.029773988,0.0025877491935540273
0.03248534530424158,0.026722014,0.005763331353893682
0.027168026520640848,0.021113154,0.006054872973592279
0.025521075657292093,0.020163363,0.005357712811513628
0.02400053069787983,0.02117088,0.002829650052366295
0.02250173520418941,0.02955975,0.007058014905721555
0.025970205123364228,0.030647395,0.004677190055311423
0.026885162928678756,0.027264524,0.0003793613225438544
0.02676868071990743,0.026869621,0.00010094040793642844
0.017318854439156414,0.019500267,0.002181412321431278
0.02475113824640288,0.027292348,0.002541210198058943
0.0291237540626264,0.033652052,0.0045282982206606495
0.030188402104791037,0.031942993,0.0017545912976900425
0.03004317792451521,0.024137238,0.005905939883948767
0.030226929823297347,0.024486499,0.005740430916088904
0.030212236275194627,0.02145042,0.008761815433619959
0.0274587692856199,0.027058756,0.00040001330667798277
0.024408592117341435,0.03126559,0.006856998222557628
0.025203343152457026,0.0332869,0.008083556175774786
0.02496768480182809,0.032229986,0.007262301239956196
0.019933626810369105,0.022352785,0.002419158061685949
0.01262703881901991,0.015674174,0.003047135012919788
0.012499965799730747,0.017768983,0.005269016998130352
0.012097966924401014,0.014256657,0.002158690176812918
0.010870916194857768,0.01309277,0.0022218540463431555
0.010530610564342128,0.017632153,0.007101542320856465
0.00913731517808191,0.014151523,0.005014207711651404
0.0167160570017741,0.01233318,0.00438287717771986
0.016717328563486244,0.012867357,0.003849971912954952
0.016420288885430002,0.013277209,0.0031430795215522285
0.016560606458921923,0.015336237,0.0012243695424394747
0.01625157584051638,0.01733111,0.0010795344730183572
0.014122864258713752,0.02038298,0.006260115626029938
0.013616255210087446,0.02299757,0.00938131408269629
0.019966517794553815,0.02965383,0.009687312659199657
0.023751600465456112,0.028016072,0.004264471301158802
0.023819908113316822,0.020746537,0.0030733715604107856
0.022700936087976305,0.022581205,0.00011973131598076031
0.02262006947893471,0.025234591,0.002614521736914212
0.02261153767814658,0.02095944,0.0016520970593931483
0.024064787917272783,0.023016121,0.0010486666788027052
0.024956189178399497,0.023685856,0.001270333387426787
0.024942182299294388,0.023576148,0.0013660344449662326
0.02515618390622189,0.023300232,0.0018559515404944667
0.02231726120951967,0.018421104,0.003896157031687067
0.017697579385983493,0.017602962,9.461787556364759e-05
0.01667990835217872,0.014251572,0.002428336272222189
0.015255025567162407,0.01346506,0.0017899656460169684
0.015377142422686136,0.0136808,0.0016963425584535959
0.015967971912491892,0.016809914,0.0008419423486107844
0.013229432401107768,0.014461911,0.0012324788823256695
0.022141956607677912,0.01619516,0.005946797202208018
0.022260620855132716,0.015751498,0.0065091230351129944
0.02106149864484302,0.015338894,0.005722604665055194
0.02205776098363939,0.017164797,0.004892964392834338
0.02218536283050937,0.01920566,0.002979703202594941
0.02194253204973241,0.016367778,0.005574753867702686
0.022806207978859946,0.014726873,0.008079335422948405
0.023475999174369613,0.015782751,0.007693248031390945
0.024248380674247408,0.015532397,0.008715983940486574
0.024224618429661313,0.017296975,0.006927642951131383
0.011904147938118186,0.011984677,8.052911586979399e-05
0.013266728335937545,0.008623292,0.0046434365976062274
0.0143162379811766,0.0099349925,0.004381245451724754
0.01362065431358733,0.0065988265,0.007021827815794133
0.015099079182211613,0.014666443,0.00043263642287657243
0.019341906975654483,0.024424264,0.005082357231827855
0.019374129234184436,0.025285432,0.005911302881012746
0.01955979825800633,0.020815907,0.0012561087881925136
0.01952508838387723,0.020583449,0.00105836054769759
0.01974795055945125,0.017771559,0.001976391723348764
0.021830610687072614,0.014329869,0.007500741386945585
0.020170409988056897,0.01861392,0.0015564903723113525
0.020041442089207426,0.019387404,0.0006540385861470849
0.020316221361719667,0.021807086,0.0014908643609651932
0.02035369314395743,0.016261896,0.004091797025435738
0.012550742806277663,0.0143218525,0.0017711096691270765
0.014573680823757141,0.017312577,0.0027388961705427477
0.013256214269505654,0.014400887,0.0011446730335486783
0.014618366816851637,0.013681055,0.0009373117702336526
0.014794514314845736,0.014678122,0.00011639277042501707
0.013885409971605006,0.01226995,0.0016154604311091336
0.013474378246601082,0.007882178,0.00559220041685865
